   -59.2000    77.5000  -263.0000   1   1
   -59.2000   -77.5000  -263.0000   1   2
   -59.2000    77.5000  -243.0000   1   3
   -59.2000   -77.5000  -243.0000   1   4
   -59.2000    77.5000  -223.0000   1   5
   -59.2000   -77.5000  -223.0000   1   6
   -59.2000    77.5000  -203.0000   1   7
   -59.2000   -77.5000  -203.0000   1   8
   -59.2000    77.5000  -183.0000   1   9
   -59.2000   -77.5000  -183.0000   1  10
   -59.2000    77.5000  -163.0000   1  11
   -59.2000   -77.5000  -163.0000   1  12
   -59.2000    77.5000  -143.0000   1  13
   -59.2000   -77.5000  -143.0000   1  14
   -59.2000    77.5000  -123.0000   1  15
   -59.2000   -77.5000  -123.0000   1  16
   -59.2000    77.5000  -103.0000   1  17
   -59.2000   -77.5000  -103.0000   1  18
   -59.2000    77.5000   -83.0000   1  19
   -59.2000   -77.5000   -83.0000   1  20
   -59.2000    77.5000   -63.0000   1  21
   -59.2000   -77.5000   -63.0000   1  22
   -59.2000    77.5000   -43.0000   1  23
   -59.2000   -77.5000   -43.0000   1  24
   -59.2000    77.5000   -23.0000   1  25
   -59.2000   -77.5000   -23.0000   1  26
   -47.8400    77.5000  -263.0000   3  27
   -47.8400   -77.5000  -263.0000   3  28
   -47.8400    77.5000  -243.0000   3  29
   -47.8400   -77.5000  -243.0000   3  30
   -47.8400    77.5000  -223.0000   3  31
   -47.8400   -77.5000  -223.0000   3  32
   -47.8400    77.5000  -203.0000   3  33
   -47.8400   -77.5000  -203.0000   3  34
   -47.8400    77.5000  -183.0000   3  35
   -47.8400   -77.5000  -183.0000   3  36
   -47.8400    77.5000  -163.0000   3  37
   -47.8400   -77.5000  -163.0000   3  38
   -47.8400    77.5000  -143.0000   3  39
   -47.8400   -77.5000  -143.0000   3  40
   -47.8400    77.5000  -123.0000   3  41
   -47.8400   -77.5000  -123.0000   3  42
   -47.8400    77.5000  -103.0000   3  43
   -47.8400   -77.5000  -103.0000   3  44
   -47.8400    77.5000   -83.0000   3  45
   -47.8400   -77.5000   -83.0000   3  46
   -47.8400    77.5000   -63.0000   3  47
   -47.8400   -77.5000   -63.0000   3  48
   -47.8400    77.5000   -43.0000   3  49
   -47.8400   -77.5000   -43.0000   3  50
   -47.8400    77.5000   -23.0000   3  51
   -47.8400   -77.5000   -23.0000   3  52
   -36.4800    77.5000  -263.0000   5  53
   -36.4800   -77.5000  -263.0000   5  54
   -36.4800    77.5000  -243.0000   5  55
   -36.4800   -77.5000  -243.0000   5  56
   -36.4800    77.5000  -223.0000   5  57
   -36.4800   -77.5000  -223.0000   5  58
   -36.4800    77.5000  -203.0000   5  59
   -36.4800   -77.5000  -203.0000   5  60
   -36.4800    77.5000  -183.0000   5  61
   -36.4800   -77.5000  -183.0000   5  62
   -36.4800    77.5000  -163.0000   5  63
   -36.4800   -77.5000  -163.0000   5  64
   -36.4800    77.5000  -143.0000   5  65
   -36.4800   -77.5000  -143.0000   5  66
   -36.4800    77.5000  -123.0000   5  67
   -36.4800   -77.5000  -123.0000   5  68
   -36.4800    77.5000  -103.0000   5  69
   -36.4800   -77.5000  -103.0000   5  70
   -36.4800    77.5000   -83.0000   5  71
   -36.4800   -77.5000   -83.0000   5  72
   -36.4800    77.5000   -63.0000   5  73
   -36.4800   -77.5000   -63.0000   5  74
   -36.4800    77.5000   -43.0000   5  75
   -36.4800   -77.5000   -43.0000   5  76
   -36.4800    77.5000   -23.0000   5  77
   -36.4800   -77.5000   -23.0000   5  78
   -25.1200    77.5000  -263.0000   7  79
   -25.1200   -77.5000  -263.0000   7  80
   -25.1200    77.5000  -243.0000   7  81
   -25.1200   -77.5000  -243.0000   7  82
   -25.1200    77.5000  -223.0000   7  83
   -25.1200   -77.5000  -223.0000   7  84
   -25.1200    77.5000  -203.0000   7  85
   -25.1200   -77.5000  -203.0000   7  86
   -25.1200    77.5000  -183.0000   7  87
   -25.1200   -77.5000  -183.0000   7  88
   -25.1200    77.5000  -163.0000   7  89
   -25.1200   -77.5000  -163.0000   7  90
   -25.1200    77.5000  -143.0000   7  91
   -25.1200   -77.5000  -143.0000   7  92
   -25.1200    77.5000  -123.0000   7  93
   -25.1200   -77.5000  -123.0000   7  94
   -25.1200    77.5000  -103.0000   7  95
   -25.1200   -77.5000  -103.0000   7  96
   -25.1200    77.5000   -83.0000   7  97
   -25.1200   -77.5000   -83.0000   7  98
   -25.1200    77.5000   -63.0000   7  99
   -25.1200   -77.5000   -63.0000   7 100
   -25.1200    77.5000   -43.0000   7 101
   -25.1200   -77.5000   -43.0000   7 102
   -25.1200    77.5000   -23.0000   7 103
   -25.1200   -77.5000   -23.0000   7 104
   -13.7600    77.5000  -263.0000   9 105
   -13.7600   -77.5000  -263.0000   9 106
   -13.7600    77.5000  -243.0000   9 107
   -13.7600   -77.5000  -243.0000   9 108
   -13.7600    77.5000  -223.0000   9 109
   -13.7600   -77.5000  -223.0000   9 110
   -13.7600    77.5000  -203.0000   9 111
   -13.7600   -77.5000  -203.0000   9 112
   -13.7600    77.5000  -183.0000   9 113
   -13.7600   -77.5000  -183.0000   9 114
   -13.7600    77.5000  -163.0000   9 115
   -13.7600   -77.5000  -163.0000   9 116
   -13.7600    77.5000  -143.0000   9 117
   -13.7600   -77.5000  -143.0000   9 118
   -13.7600    77.5000  -123.0000   9 119
   -13.7600   -77.5000  -123.0000   9 120
   -13.7600    77.5000  -103.0000   9 121
   -13.7600   -77.5000  -103.0000   9 122
   -13.7600    77.5000   -83.0000   9 123
   -13.7600   -77.5000   -83.0000   9 124
   -13.7600    77.5000   -63.0000   9 125
   -13.7600   -77.5000   -63.0000   9 126
   -13.7600    77.5000   -43.0000   9 127
   -13.7600   -77.5000   -43.0000   9 128
   -13.7600    77.5000   -23.0000   9 129
   -13.7600   -77.5000   -23.0000   9 130
    -2.4000    77.5000  -263.0000  11 131
    -2.4000   -77.5000  -263.0000  11 132
    -2.4000    77.5000  -243.0000  11 133
    -2.4000   -77.5000  -243.0000  11 134
    -2.4000    77.5000  -223.0000  11 135
    -2.4000   -77.5000  -223.0000  11 136
    -2.4000    77.5000  -203.0000  11 137
    -2.4000   -77.5000  -203.0000  11 138
    -2.4000    77.5000  -183.0000  11 139
    -2.4000   -77.5000  -183.0000  11 140
    -2.4000    77.5000  -163.0000  11 141
    -2.4000   -77.5000  -163.0000  11 142
    -2.4000    77.5000  -143.0000  11 143
    -2.4000   -77.5000  -143.0000  11 144
    -2.4000    77.5000  -123.0000  11 145
    -2.4000   -77.5000  -123.0000  11 146
    -2.4000    77.5000  -103.0000  11 147
    -2.4000   -77.5000  -103.0000  11 148
    -2.4000    77.5000   -83.0000  11 149
    -2.4000   -77.5000   -83.0000  11 150
    -2.4000    77.5000   -63.0000  11 151
    -2.4000   -77.5000   -63.0000  11 152
    -2.4000    77.5000   -43.0000  11 153
    -2.4000   -77.5000   -43.0000  11 154
    -2.4000    77.5000   -23.0000  11 155
    -2.4000   -77.5000   -23.0000  11 156
     8.9600    77.5000  -263.0000  13 157
     8.9600   -77.5000  -263.0000  13 158
     8.9600    77.5000  -243.0000  13 159
     8.9600   -77.5000  -243.0000  13 160
     8.9600    77.5000  -223.0000  13 161
     8.9600   -77.5000  -223.0000  13 162
     8.9600    77.5000  -203.0000  13 163
     8.9600   -77.5000  -203.0000  13 164
     8.9600    77.5000  -183.0000  13 165
     8.9600   -77.5000  -183.0000  13 166
     8.9600    77.5000  -163.0000  13 167
     8.9600   -77.5000  -163.0000  13 168
     8.9600    77.5000  -143.0000  13 169
     8.9600   -77.5000  -143.0000  13 170
     8.9600    77.5000  -123.0000  13 171
     8.9600   -77.5000  -123.0000  13 172
     8.9600    77.5000  -103.0000  13 173
     8.9600   -77.5000  -103.0000  13 174
     8.9600    77.5000   -83.0000  13 175
     8.9600   -77.5000   -83.0000  13 176
     8.9600    77.5000   -63.0000  13 177
     8.9600   -77.5000   -63.0000  13 178
     8.9600    77.5000   -43.0000  13 179
     8.9600   -77.5000   -43.0000  13 180
     8.9600    77.5000   -23.0000  13 181
     8.9600   -77.5000   -23.0000  13 182
   -53.5200  -140.0000   -74.0000   2   1
   -53.5200  -140.0000  -212.0000   2   2
   -53.5200  -120.0000   -74.0000   2   3
   -53.5200  -120.0000  -212.0000   2   4
   -53.5200  -100.0000   -74.0000   2   5
   -53.5200  -100.0000  -212.0000   2   6
   -53.5200   -80.0000   -74.0000   2   7
   -53.5200   -80.0000  -212.0000   2   8
   -53.5200   -60.0000   -74.0000   2   9
   -53.5200   -60.0000  -212.0000   2  10
   -53.5200   -40.0000   -74.0000   2  11
   -53.5200   -40.0000  -212.0000   2  12
   -53.5200   -20.0000   -74.0000   2  13
   -53.5200   -20.0000  -212.0000   2  14
   -53.5200     0.0000   -74.0000   2  15
   -53.5200     0.0000  -212.0000   2  16
   -53.5200    20.0000   -74.0000   2  17
   -53.5200    20.0000  -212.0000   2  18
   -53.5200    40.0000   -74.0000   2  19
   -53.5200    40.0000  -212.0000   2  20
   -53.5200    60.0000   -74.0000   2  21
   -53.5200    60.0000  -212.0000   2  22
   -53.5200    80.0000   -74.0000   2  23
   -53.5200    80.0000  -212.0000   2  24
   -53.5200   100.0000   -74.0000   2  25
   -53.5200   100.0000  -212.0000   2  26
   -53.5200   120.0000   -74.0000   2  27
   -53.5200   120.0000  -212.0000   2  28
   -53.5200   140.0000   -74.0000   2  29
   -53.5200   140.0000  -212.0000   2  30
   -42.1600  -140.0000   -74.0000   4  31
   -42.1600  -140.0000  -212.0000   4  32
   -42.1600  -120.0000   -74.0000   4  33
   -42.1600  -120.0000  -212.0000   4  34
   -42.1600  -100.0000   -74.0000   4  35
   -42.1600  -100.0000  -212.0000   4  36
   -42.1600   -80.0000   -74.0000   4  37
   -42.1600   -80.0000  -212.0000   4  38
   -42.1600   -60.0000   -74.0000   4  39
   -42.1600   -60.0000  -212.0000   4  40
   -42.1600   -40.0000   -74.0000   4  41
   -42.1600   -40.0000  -212.0000   4  42
   -42.1600   -20.0000   -74.0000   4  43
   -42.1600   -20.0000  -212.0000   4  44
   -42.1600     0.0000   -74.0000   4  45
   -42.1600     0.0000  -212.0000   4  46
   -42.1600    20.0000   -74.0000   4  47
   -42.1600    20.0000  -212.0000   4  48
   -42.1600    40.0000   -74.0000   4  49
   -42.1600    40.0000  -212.0000   4  50
   -42.1600    60.0000   -74.0000   4  51
   -42.1600    60.0000  -212.0000   4  52
   -42.1600    80.0000   -74.0000   4  53
   -42.1600    80.0000  -212.0000   4  54
   -42.1600   100.0000   -74.0000   4  55
   -42.1600   100.0000  -212.0000   4  56
   -42.1600   120.0000   -74.0000   4  57
   -42.1600   120.0000  -212.0000   4  58
   -42.1600   140.0000   -74.0000   4  59
   -42.1600   140.0000  -212.0000   4  60
   -30.8000  -140.0000   -74.0000   6  61
   -30.8000  -140.0000  -212.0000   6  62
   -30.8000  -120.0000   -74.0000   6  63
   -30.8000  -120.0000  -212.0000   6  64
   -30.8000  -100.0000   -74.0000   6  65
   -30.8000  -100.0000  -212.0000   6  66
   -30.8000   -80.0000   -74.0000   6  67
   -30.8000   -80.0000  -212.0000   6  68
   -30.8000   -60.0000   -74.0000   6  69
   -30.8000   -60.0000  -212.0000   6  70
   -30.8000   -40.0000   -74.0000   6  71
   -30.8000   -40.0000  -212.0000   6  72
   -30.8000   -20.0000   -74.0000   6  73
   -30.8000   -20.0000  -212.0000   6  74
   -30.8000     0.0000   -74.0000   6  75
   -30.8000     0.0000  -212.0000   6  76
   -30.8000    20.0000   -74.0000   6  77
   -30.8000    20.0000  -212.0000   6  78
   -30.8000    40.0000   -74.0000   6  79
   -30.8000    40.0000  -212.0000   6  80
   -30.8000    60.0000   -74.0000   6  81
   -30.8000    60.0000  -212.0000   6  82
   -30.8000    80.0000   -74.0000   6  83
   -30.8000    80.0000  -212.0000   6  84
   -30.8000   100.0000   -74.0000   6  85
   -30.8000   100.0000  -212.0000   6  86
   -30.8000   120.0000   -74.0000   6  87
   -30.8000   120.0000  -212.0000   6  88
   -30.8000   140.0000   -74.0000   6  89
   -30.8000   140.0000  -212.0000   6  90
   -19.4400  -140.0000   -74.0000   8  91
   -19.4400  -140.0000  -212.0000   8  92
   -19.4400  -120.0000   -74.0000   8  93
   -19.4400  -120.0000  -212.0000   8  94
   -19.4400  -100.0000   -74.0000   8  95
   -19.4400  -100.0000  -212.0000   8  96
   -19.4400   -80.0000   -74.0000   8  97
   -19.4400   -80.0000  -212.0000   8  98
   -19.4400   -60.0000   -74.0000   8  99
   -19.4400   -60.0000  -212.0000   8 100
   -19.4400   -40.0000   -74.0000   8 101
   -19.4400   -40.0000  -212.0000   8 102
   -19.4400   -20.0000   -74.0000   8 103
   -19.4400   -20.0000  -212.0000   8 104
   -19.4400     0.0000   -74.0000   8 105
   -19.4400     0.0000  -212.0000   8 106
   -19.4400    20.0000   -74.0000   8 107
   -19.4400    20.0000  -212.0000   8 108
   -19.4400    40.0000   -74.0000   8 109
   -19.4400    40.0000  -212.0000   8 110
   -19.4400    60.0000   -74.0000   8 111
   -19.4400    60.0000  -212.0000   8 112
   -19.4400    80.0000   -74.0000   8 113
   -19.4400    80.0000  -212.0000   8 114
   -19.4400   100.0000   -74.0000   8 115
   -19.4400   100.0000  -212.0000   8 116
   -19.4400   120.0000   -74.0000   8 117
   -19.4400   120.0000  -212.0000   8 118
   -19.4400   140.0000   -74.0000   8 119
   -19.4400   140.0000  -212.0000   8 120
    -8.0800  -140.0000   -74.0000  10 121
    -8.0800  -140.0000  -212.0000  10 122
    -8.0800  -120.0000   -74.0000  10 123
    -8.0800  -120.0000  -212.0000  10 124
    -8.0800  -100.0000   -74.0000  10 125
    -8.0800  -100.0000  -212.0000  10 126
    -8.0800   -80.0000   -74.0000  10 127
    -8.0800   -80.0000  -212.0000  10 128
    -8.0800   -60.0000   -74.0000  10 129
    -8.0800   -60.0000  -212.0000  10 130
    -8.0800   -40.0000   -74.0000  10 131
    -8.0800   -40.0000  -212.0000  10 132
    -8.0800   -20.0000   -74.0000  10 133
    -8.0800   -20.0000  -212.0000  10 134
    -8.0800     0.0000   -74.0000  10 135
    -8.0800     0.0000  -212.0000  10 136
    -8.0800    20.0000   -74.0000  10 137
    -8.0800    20.0000  -212.0000  10 138
    -8.0800    40.0000   -74.0000  10 139
    -8.0800    40.0000  -212.0000  10 140
    -8.0800    60.0000   -74.0000  10 141
    -8.0800    60.0000  -212.0000  10 142
    -8.0800    80.0000   -74.0000  10 143
    -8.0800    80.0000  -212.0000  10 144
    -8.0800   100.0000   -74.0000  10 145
    -8.0800   100.0000  -212.0000  10 146
    -8.0800   120.0000   -74.0000  10 147
    -8.0800   120.0000  -212.0000  10 148
    -8.0800   140.0000   -74.0000  10 149
    -8.0800   140.0000  -212.0000  10 150
     3.2800  -140.0000   -74.0000  12 151
     3.2800  -140.0000  -212.0000  12 152
     3.2800  -120.0000   -74.0000  12 153
     3.2800  -120.0000  -212.0000  12 154
     3.2800  -100.0000   -74.0000  12 155
     3.2800  -100.0000  -212.0000  12 156
     3.2800   -80.0000   -74.0000  12 157
     3.2800   -80.0000  -212.0000  12 158
     3.2800   -60.0000   -74.0000  12 159
     3.2800   -60.0000  -212.0000  12 160
     3.2800   -40.0000   -74.0000  12 161
     3.2800   -40.0000  -212.0000  12 162
     3.2800   -20.0000   -74.0000  12 163
     3.2800   -20.0000  -212.0000  12 164
     3.2800     0.0000   -74.0000  12 165
     3.2800     0.0000  -212.0000  12 166
     3.2800    20.0000   -74.0000  12 167
     3.2800    20.0000  -212.0000  12 168
     3.2800    40.0000   -74.0000  12 169
     3.2800    40.0000  -212.0000  12 170
     3.2800    60.0000   -74.0000  12 171
     3.2800    60.0000  -212.0000  12 172
     3.2800    80.0000   -74.0000  12 173
     3.2800    80.0000  -212.0000  12 174
     3.2800   100.0000   -74.0000  12 175
     3.2800   100.0000  -212.0000  12 176
     3.2800   120.0000   -74.0000  12 177
     3.2800   120.0000  -212.0000  12 178
     3.2800   140.0000   -74.0000  12 179
     3.2800   140.0000  -212.0000  12 180