0 0.0010
1 0.0010
2 0.0010
3 0.0010
4 0.0010
5 0.0010
6 0.0010
7 0.0010
8 0.0010
9 0.0010
10 0.0010
11 0.0010
12 0.0010
13 0.0010
14 0.0010
15 0.0010
16 0.0010
17 0.0010
18 0.0010
19 0.0010
20 0.0010
21 0.0010
22 0.0010
23 0.0010
24 0.0010
25 0.0010
26 0.0010
27 0.0010
28 0.0010
29 0.0010
30 0.0010
31 0.0010
32 0.0010
33 0.0010
34 0.0010
35 0.0010
36 0.0010
37 0.0010
38 0.0010
39 0.0010
40 0.0010
41 0.0010
42 0.0010
43 0.0010
44 0.0010
45 0.0010
46 0.0010
47 0.0010
48 0.0010
49 0.0010
50 0.0010
51 0.0010
52 0.0010
53 0.0010
54 0.0010
55 0.0010
56 0.0010
57 0.0010
58 0.0010
59 0.0010
60 0.0010
61 0.0010
62 0.0010
63 0.0010
64 0.0010
65 0.0010
66 0.0010
67 0.0010
68 0.0010
69 0.0010
70 0.0010
71 0.0010
72 0.0010
73 0.0010
74 0.0010
75 0.0010
76 0.0010
77 0.0010
78 0.0010
79 0.0010
80 0.0010
81 0.0010
82 0.0010
83 0.0010
84 0.0010
85 0.0010
86 0.0010
87 0.0010
88 0.0010
89 0.0010
90 0.0010
91 0.0010
92 0.0010
93 0.0010
94 0.0010
95 0.0010
96 0.0010
97 0.0010
98 0.0010
99 0.0010
100 0.0010
101 0.0010
102 0.0010
103 0.0010
104 0.0010
105 0.0010
106 0.0010
107 0.0010
108 0.0010
109 0.0010
110 0.0010
111 0.0010
112 0.0010
113 0.0010
114 0.0010
115 0.0010
116 0.0010
117 0.0010
118 0.0010
119 0.0010
120 0.0010
121 0.0010
122 0.0010
123 0.0010
124 0.0010
125 0.0010
126 0.0010
127 0.0010
128 0.0010
129 0.0010
130 0.0010
131 0.0010
132 0.0010
133 0.0010
134 0.0010
135 0.0010
136 0.0010
137 0.0010
138 0.0010
139 0.0010
140 0.0010
141 0.0010
142 0.0010
143 0.0010
144 0.0010
145 0.0010
146 0.0010
147 0.0010
148 0.0010
149 0.0010
150 0.0010
151 0.0010
152 0.0010
153 0.0010
154 0.0010
155 0.0010
156 0.0010
157 0.0010
158 0.0010
159 0.0010
160 0.0010
161 0.0010
162 0.0010
163 0.0010
164 0.0010
165 0.0010
166 0.0010
167 0.0010
168 0.0010
169 0.0010
170 0.0010
171 0.0010
172 0.0010
173 0.0010
174 0.0010
175 0.0010
176 0.0010
177 0.0010
178 0.0010
179 0.0010
180 0.0010
181 0.0010
182 0.0010
183 0.0010
184 0.0010
185 0.0010
186 0.0010
187 0.0010
188 0.0010
189 0.0010
190 0.0010
191 0.0010
192 0.0010
193 0.0010
194 0.0010
195 0.0010
196 0.0010
197 0.0010
198 0.0010
199 0.0010
200 0.0010
201 0.0010
202 0.0010
203 0.0010
204 0.0010
205 0.0010
206 0.0010
207 0.0010
208 0.0010
209 0.0010
210 0.0010
211 0.0010
212 0.0010
213 0.0010
214 0.0010
215 0.0010
216 0.0010
217 0.0010
218 0.0010
219 0.0010
220 0.0010
221 0.0010
222 0.0010
223 0.0010
224 0.0010
225 0.0010
226 0.0010
227 0.0010
228 0.0010
229 0.0010
230 0.0010
231 0.0010
232 0.0010
233 0.0010
234 0.0010
235 0.0010
236 0.0010
237 0.0010
238 0.0010
239 0.0010
240 0.0010
241 0.0010
242 0.0010
243 0.0010
244 0.0010
245 0.0010
246 0.0010
247 0.0010
248 0.0010
249 0.0010
250 0.0010
251 0.0010
252 0.0010
253 0.0010
254 0.0010
255 0.0010
256 0.0010
257 0.0010
258 0.0010
259 0.0010
260 0.0010
261 0.0010
262 0.0010
263 0.0010
264 0.0010
265 0.0010
266 0.0010
267 0.0010
268 0.0010
269 0.0010
270 0.0010
271 0.0010
272 0.0010
273 0.0010
274 0.0010
275 0.0010
276 0.0010
277 0.0010
278 0.0010
279 0.0010
280 0.0010
281 0.0010
282 0.0010
283 0.0010
284 0.0010
285 0.0010
286 0.0010
287 0.0010
288 0.0010
289 0.0010
290 0.0010
291 0.0010
292 0.0010
293 0.0010
294 0.0010
295 0.0010
296 0.0010
297 0.0010
298 0.0010
299 0.0010
300 0.0010
301 0.0010
302 0.0010
303 0.0010
304 0.0010
305 0.0010
306 0.0010
307 0.0010
308 0.0010
309 0.0010
310 0.0010
311 0.0010
312 0.0010
313 0.0010
314 0.0010
315 0.0010
316 0.0010
317 0.0010
318 0.0010
319 0.0010
320 0.0010
321 0.0010
322 0.0010
323 0.0010
324 0.0010
325 0.0010
326 0.0010
327 0.0010
328 0.0010
329 0.0010
330 0.0010
331 0.0010
332 0.0010
333 0.0010
334 0.0010
335 0.0010
336 0.0010
337 0.0010
338 0.0010
339 0.0010
340 0.0010
341 0.0010
342 0.0010
343 0.0010
344 0.0010
345 0.0010
346 0.0010
347 0.0010
348 0.0010
349 0.0010
350 0.0010
351 0.0010
352 0.0010
353 0.0010
354 0.0010
355 0.0010
356 0.0010
357 0.0010
358 0.0010
359 0.0010
360 0.0010
361 0.0010
362 0.0010
363 0.0010
364 0.0010
365 0.0010
366 0.0010
367 0.0010
368 0.0010
369 0.0010
370 0.0010
371 0.0010
372 0.0010
373 0.0010
374 0.0010
375 0.0010
376 0.0010
377 0.0010
378 0.0010
379 0.0010
380 0.0010
381 0.0010
382 0.0010
383 0.0010
384 0.0010
385 0.0010
386 0.0010
387 0.0010
388 0.0010
389 0.0010
390 0.0010
391 0.0010
392 0.0010
393 0.0010
394 0.0010
395 0.0010
396 0.0010
397 0.0010
398 0.0010
399 0.0010
400 0.0010
401 0.0010
402 0.0010
403 0.0010
404 0.0010
405 0.0010
406 0.0010
407 0.0010
408 0.0010
409 0.0010
410 0.0010
411 0.0010
412 0.0010
413 0.0010
414 0.0010
415 0.0010
416 0.0010
417 0.0010
418 0.0010
419 0.0010
420 0.0010
421 0.0010
422 0.0010
423 0.0010
424 0.0010
425 0.0010
426 0.0010
427 0.0010
428 0.0010
429 0.0010
430 0.0010
431 0.0010
432 0.0010
433 0.0010
434 0.0010
435 0.0010
436 0.0010
437 0.0010
438 0.0010
439 0.0010
440 0.0010
441 0.0010
442 0.0010
443 0.0010
444 0.0010
445 0.0010
446 0.0010
447 0.0010
448 0.0010
449 0.0010
450 0.0010
451 0.0010
452 0.0010
453 0.0010
454 0.0010
455 0.0010
456 0.0010
457 0.0010
458 0.0010
459 0.0010
460 0.0010
461 0.0010
462 0.0010
463 0.0010
464 0.0010
465 0.0010
466 0.0010
467 0.0010
468 0.0010
469 0.0010
470 0.0010
471 0.0010
472 0.0010
473 0.0010
474 0.0010
475 0.0010
476 0.0010
477 0.0010
478 0.0010
479 0.0010
480 0.0010
481 0.0010
482 0.0010
483 0.0010
484 0.0010
485 0.0010
486 0.0010
487 0.0010
488 0.0010
489 0.0010
490 0.0010
491 0.0010
492 0.0010
493 0.0010
494 0.0010
495 0.0010
496 0.0010
497 0.0010
498 0.0010
499 0.0010
500 0.0010
501 0.0010
502 0.0010
503 0.0010
504 0.0010
505 0.0010
506 0.0010
507 0.0010
508 0.0010
509 0.0010
510 0.0010
511 0.0010
